Numbers of threads   Speedup
./Databases/denseGraph4039.txt
1 3.88848
2 5.36501
3 7.03727
4 8.77772
5 10.3659
6 11.9386
7 13.8771
8 15.7318
9 16.4111
10 18.4052
11 19.6341
12 20.8083
13 22.0553
14 22.7728
15 23.5882
16 24.9838
17 26.4899
18 27.2924
19 28.8459
20 28.101
21 30.1777
22 30.2973
23 29.3766
24 32.3768
25 29.7653
26 31.5994
27 31.9999
28 31.4848
29 33.4875
30 33.5941
31 33.7964
32 34.0386
33 30.3442
34 32.8808
35 31.7736
36 33.9846
37 34.4081
38 35.3525
39 35.1852
40 34.2013
41 35.5282
42 33.837
43 34.6007
44 34.2444
45 33.8944
46 35.4703
47 33.668
48 34.0659
49 35.2719
50 33.5768
